4.643332290649414062e+01 7.071067690849304199e-01
9.079290390014648438e+00 7.372773289680480957e-01
2.808602333068847656e+01 7.372773289680480957e-01
1.011133575439453125e+01 7.372773289680480957e-01
1.021085834503173828e+01 7.372773289680480957e-01
2.088801383972167969e+01 7.660444378852844238e-01
1.033890438079833984e+01 7.660444378852844238e-01
1.049902534484863281e+01 7.660444378852844238e-01
1.096497726440429688e+01 7.660444378852844238e-01
9.498341560363769531e+00 7.933533191680908203e-01
9.492612838745117188e+00 7.933533191680908203e-01
1.030837535858154297e+01 7.933533191680908203e-01
1.070667648315429688e+01 7.933533191680908203e-01
1.120298194885253906e+01 7.933533191680908203e-01
9.645243644714355469e+00 8.191520571708679199e-01
9.649126052856445312e+00 8.191520571708679199e-01
9.613548278808593750e+00 8.191520571708679199e-01
9.726774215698242188e+00 8.191520571708679199e-01
1.050036430358886719e+01 8.191520571708679199e-01
1.077418422698974609e+01 8.191520571708679199e-01
1.134050178527832031e+01 8.191520571708679199e-01
1.109440612792968750e+01 8.191520571708679199e-01
1.009287548065185547e+01 8.433914184570312500e-01
9.998731613159179688e+00 8.433914184570312500e-01
9.830352783203125000e+00 8.433914184570312500e-01
9.518323898315429688e+00 8.433914184570312500e-01
9.620050430297851562e+00 8.433914184570312500e-01
9.771898269653320312e+00 8.433914184570312500e-01
9.769468307495117188e+00 8.433914184570312500e-01
9.839123725891113281e+00 8.433914184570312500e-01
1.066050720214843750e+01 8.433914184570312500e-01
1.081501007080078125e+01 8.433914184570312500e-01
1.113883781433105469e+01 8.433914184570312500e-01
1.097099208831787109e+01 8.433914184570312500e-01
1.014231777191162109e+01 8.660253882408142090e-01
1.002711200714111328e+01 8.660253882408142090e-01
9.935045242309570312e+00 8.660253882408142090e-01
1.006266117095947266e+01 8.660253882408142090e-01
9.705333709716796875e+00 8.660253882408142090e-01
9.568591117858886719e+00 8.660253882408142090e-01
9.631059646606445312e+00 8.660253882408142090e-01
9.777662277221679688e+00 8.660253882408142090e-01
9.930330276489257812e+00 8.660253882408142090e-01
9.922117233276367188e+00 8.660253882408142090e-01
1.044985961914062500e+01 8.660253882408142090e-01
1.087174987792968750e+01 8.660253882408142090e-01
1.106710052490234375e+01 8.660253882408142090e-01
1.037418174743652344e+01 8.660253882408142090e-01
1.042289161682128906e+01 8.660253882408142090e-01
9.887050628662109375e+00 8.870108127593994141e-01
9.753772735595703125e+00 8.870108127593994141e-01
9.804800033569335938e+00 8.870108127593994141e-01
9.699025154113769531e+00 8.870108127593994141e-01
9.630261421203613281e+00 8.870108127593994141e-01
9.671279907226562500e+00 8.870108127593994141e-01
9.603677749633789062e+00 8.870108127593994141e-01
9.684810638427734375e+00 8.870108127593994141e-01
9.846132278442382812e+00 8.870108127593994141e-01
9.947211265563964844e+00 8.870108127593994141e-01
1.090431499481201172e+01 8.870108127593994141e-01
1.112985134124755859e+01 8.870108127593994141e-01
1.104332351684570312e+01 8.870108127593994141e-01
1.037808513641357422e+01 8.870108127593994141e-01
1.036516952514648438e+01 8.870108127593994141e-01
1.054611778259277344e+01 8.870108127593994141e-01
9.581682205200195312e+00 9.063077569007873535e-01
9.427394866943359375e+00 9.063077569007873535e-01
9.529190063476562500e+00 9.063077569007873535e-01
9.358816146850585938e+00 9.063077569007873535e-01
9.470064163208007812e+00 9.063077569007873535e-01
9.556717872619628906e+00 9.063077569007873535e-01
9.532438278198242188e+00 9.063077569007873535e-01
9.594232559204101562e+00 9.063077569007873535e-01
9.648880958557128906e+00 9.063077569007873535e-01
9.766475677490234375e+00 9.063077569007873535e-01
1.048477745056152344e+01 9.063077569007873535e-01
1.111323738098144531e+01 9.063077569007873535e-01
1.126420402526855469e+01 9.063077569007873535e-01
1.051810646057128906e+01 9.063077569007873535e-01
1.034525966644287109e+01 9.063077569007873535e-01
9.158580780029296875e+00 9.238795042037963867e-01
9.401173591613769531e+00 9.238795042037963867e-01
9.388058662414550781e+00 9.238795042037963867e-01
9.313685417175292969e+00 9.238795042037963867e-01
9.330199241638183594e+00 9.238795042037963867e-01
9.272262573242187500e+00 9.238795042037963867e-01
9.251849174499511719e+00 9.238795042037963867e-01
9.546068191528320312e+00 9.238795042037963867e-01
9.493223190307617188e+00 9.238795042037963867e-01
9.575364112854003906e+00 9.238795042037963867e-01
9.261388778686523438e+00 9.238795042037963867e-01
1.110687446594238281e+01 9.238795042037963867e-01
1.053483867645263672e+01 9.238795042037963867e-01
9.931295394897460938e+00 9.238795042037963867e-01
9.189240455627441406e+00 9.396926164627075195e-01
9.173992156982421875e+00 9.396926164627075195e-01
9.092184066772460938e+00 9.396926164627075195e-01
8.964988708496093750e+00 9.396926164627075195e-01
8.867668151855468750e+00 9.396926164627075195e-01
9.616689682006835938e+00 9.396926164627075195e-01
9.348430633544921875e+00 9.396926164627075195e-01
8.536478042602539062e+00 9.396926164627075195e-01
1.000955867767333984e+01 9.396926164627075195e-01
8.828451156616210938e+00 9.537169337272644043e-01
8.818317413330078125e+00 9.537169337272644043e-01
8.968000411987304688e+00 9.537169337272644043e-01
8.907935142517089844e+00 9.537169337272644043e-01
9.070757865905761719e+00 9.537169337272644043e-01
9.421376228332519531e+00 9.537169337272644043e-01
8.356436729431152344e+00 9.537169337272644043e-01
7.784913063049316406e+00 9.659258127212524414e-01
9.113737106323242188e+00 9.659258127212524414e-01
9.038567543029785156e+00 9.659258127212524414e-01
9.277665138244628906e+00 9.659258127212524414e-01
9.101804733276367188e+00 9.659258127212524414e-01
9.086908340454101562e+00 9.659258127212524414e-01
1.058686923980712891e+01 9.659258127212524414e-01
9.270483970642089844e+00 9.762960076332092285e-01
8.567247390747070312e+00 9.762960076332092285e-01
8.815203666687011719e+00 9.762960076332092285e-01
1.011705589294433594e+01 9.762960076332092285e-01
9.300101280212402344e+00 9.848077297210693359e-01
1.024336433410644531e+01 9.848077297210693359e-01
1.027673912048339844e+01 9.848077297210693359e-01
1.024113655090332031e+01 9.914448857307434082e-01
1.178234767913818359e+01 9.914448857307434082e-01
1.241858673095703125e+01 9.914448857307434082e-01
1.219702339172363281e+01 9.961947202682495117e-01
1.311311531066894531e+01 9.961947202682495117e-01
1.089451885223388672e+01 9.990482330322265625e-01
1.006814384460449219e+01 9.990482330322265625e-01
6.937366485595703125e+00 1.000000000000000000e+00
9.099268913269042969e+00 1.000000000000000000e+00
1.068745231628417969e+01 1.000000000000000000e+00
1.025290584564208984e+01 9.990482330322265625e-01
7.231819152832031250e+00 9.914448857307434082e-01
9.085966110229492188e+00 9.848077297210693359e-01
8.615433692932128906e+00 9.848077297210693359e-01
7.931869506835937500e+00 9.848077297210693359e-01
1.001813507080078125e+01 9.762960076332092285e-01
9.238309860229492188e+00 9.762960076332092285e-01
6.471356868743896484e+00 9.762960076332092285e-01
8.293622016906738281e+00 9.762960076332092285e-01
1.006408023834228516e+01 9.659258127212524414e-01
9.734167098999023438e+00 9.659258127212524414e-01
8.816934585571289062e+00 9.659258127212524414e-01
8.074778556823730469e+00 9.659258127212524414e-01
9.417161941528320312e+00 9.537169337272644043e-01
1.002454662322998047e+01 9.537169337272644043e-01
9.687005043029785156e+00 9.537169337272644043e-01
8.000988960266113281e+00 9.396926164627075195e-01
9.217465400695800781e+00 9.396926164627075195e-01
9.735870361328125000e+00 9.396926164627075195e-01
9.441177368164062500e+00 9.396926164627075195e-01
8.632050514221191406e+00 9.396926164627075195e-01
8.601329803466796875e+00 9.396926164627075195e-01
9.399486541748046875e+00 9.396926164627075195e-01
1.024156761169433594e+01 9.238795042037963867e-01
9.843348503112792969e+00 9.238795042037963867e-01
1.067706775665283203e+01 9.238795042037963867e-01
8.907918930053710938e+00 9.238795042037963867e-01
8.552034378051757812e+00 9.238795042037963867e-01
9.613121986389160156e+00 9.238795042037963867e-01
9.899621963500976562e+00 9.238795042037963867e-01
1.000579547882080078e+01 9.238795042037963867e-01
1.012637615203857422e+01 9.238795042037963867e-01
1.038744163513183594e+01 9.238795042037963867e-01
7.567006111145019531e+00 9.238795042037963867e-01
8.614629745483398438e+00 9.238795042037963867e-01
8.868967056274414062e+00 9.238795042037963867e-01
8.540399551391601562e+00 9.238795042037963867e-01
1.048268032073974609e+01 9.063077569007873535e-01
1.107414531707763672e+01 9.063077569007873535e-01
1.135819530487060547e+01 9.063077569007873535e-01
1.093508911132812500e+01 9.063077569007873535e-01
1.097532844543457031e+01 9.063077569007873535e-01
1.102433013916015625e+01 9.063077569007873535e-01
1.103085994720458984e+01 9.063077569007873535e-01
1.136875534057617188e+01 9.063077569007873535e-01
1.226712989807128906e+01 9.063077569007873535e-01
1.061936569213867188e+01 9.063077569007873535e-01
9.218270301818847656e+00 9.063077569007873535e-01
9.339419364929199219e+00 9.063077569007873535e-01
9.985295295715332031e+00 9.063077569007873535e-01
1.023700523376464844e+01 9.063077569007873535e-01
1.044295120239257812e+01 9.063077569007873535e-01
1.065803623199462891e+01 9.063077569007873535e-01
1.084265708923339844e+01 9.063077569007873535e-01
1.105950641632080078e+01 9.063077569007873535e-01
8.130963325500488281e+00 9.063077569007873535e-01
9.249911308288574219e+00 9.063077569007873535e-01
9.233290672302246094e+00 9.063077569007873535e-01
9.729859352111816406e+00 9.063077569007873535e-01
1.022963714599609375e+01 8.870108127593994141e-01
1.062721824645996094e+01 8.870108127593994141e-01
1.103476810455322266e+01 8.870108127593994141e-01
1.118719673156738281e+01 8.870108127593994141e-01
1.089293670654296875e+01 8.870108127593994141e-01
1.116223812103271484e+01 8.870108127593994141e-01
1.134107971191406250e+01 8.870108127593994141e-01
1.148313045501708984e+01 8.870108127593994141e-01
1.143120479583740234e+01 8.870108127593994141e-01
1.140282726287841797e+01 8.870108127593994141e-01
1.142492389678955078e+01 8.870108127593994141e-01
1.146723079681396484e+01 8.870108127593994141e-01
1.125213050842285156e+01 8.870108127593994141e-01
8.336641311645507812e+00 8.870108127593994141e-01
9.025690078735351562e+00 8.870108127593994141e-01
1.122049140930175781e+01 8.870108127593994141e-01
1.100579547882080078e+01 8.870108127593994141e-01
9.308130264282226562e+00 8.870108127593994141e-01
9.352732658386230469e+00 8.870108127593994141e-01
9.611097335815429688e+00 8.870108127593994141e-01
1.012419700622558594e+01 8.870108127593994141e-01
1.055400085449218750e+01 8.870108127593994141e-01
1.090512943267822266e+01 8.870108127593994141e-01
1.104588508605957031e+01 8.870108127593994141e-01
1.117381954193115234e+01 8.870108127593994141e-01
1.121902084350585938e+01 8.870108127593994141e-01
1.113504028320312500e+01 8.870108127593994141e-01
9.382126808166503906e+00 8.870108127593994141e-01
9.705915451049804688e+00 8.870108127593994141e-01
1.006128120422363281e+01 8.870108127593994141e-01
9.814819335937500000e+00 8.870108127593994141e-01
9.301928520202636719e+00 8.870108127593994141e-01
9.475661277770996094e+00 8.870108127593994141e-01
9.605619430541992188e+00 8.870108127593994141e-01
9.556514739990234375e+00 8.660253882408142090e-01
1.013864326477050781e+01 8.660253882408142090e-01
1.033714485168457031e+01 8.660253882408142090e-01
1.047896671295166016e+01 8.660253882408142090e-01
1.040672111511230469e+01 8.660253882408142090e-01
1.082966899871826172e+01 8.660253882408142090e-01
1.117275905609130859e+01 8.660253882408142090e-01
1.146672630310058594e+01 8.660253882408142090e-01
1.155267047882080078e+01 8.660253882408142090e-01
1.144995021820068359e+01 8.660253882408142090e-01
1.151222705841064453e+01 8.660253882408142090e-01
1.151250648498535156e+01 8.660253882408142090e-01
1.085051155090332031e+01 8.660253882408142090e-01
8.857583999633789062e+00 8.660253882408142090e-01
8.820408821105957031e+00 8.660253882408142090e-01
8.862042427062988281e+00 8.660253882408142090e-01
9.927007675170898438e+00 8.660253882408142090e-01
1.056647300720214844e+01 8.660253882408142090e-01
1.068605995178222656e+01 8.660253882408142090e-01
9.776559829711914062e+00 8.660253882408142090e-01
9.275770187377929688e+00 8.660253882408142090e-01
9.455364227294921875e+00 8.660253882408142090e-01
9.881014823913574219e+00 8.660253882408142090e-01
1.041070079803466797e+01 8.660253882408142090e-01
1.081391716003417969e+01 8.660253882408142090e-01
1.115907764434814453e+01 8.660253882408142090e-01
1.124913311004638672e+01 8.660253882408142090e-01
1.128199291229248047e+01 8.660253882408142090e-01
1.132049369812011719e+01 8.660253882408142090e-01
1.123307323455810547e+01 8.660253882408142090e-01
9.722971916198730469e+00 8.660253882408142090e-01
9.749814033508300781e+00 8.660253882408142090e-01
1.003445339202880859e+01 8.660253882408142090e-01
1.052407073974609375e+01 8.660253882408142090e-01
1.021901512145996094e+01 8.660253882408142090e-01
9.850927352905273438e+00 8.660253882408142090e-01
9.697520256042480469e+00 8.660253882408142090e-01
9.182152748107910156e+00 8.660253882408142090e-01
8.887854576110839844e+00 8.660253882408142090e-01
9.362213134765625000e+00 8.660253882408142090e-01
9.349275588989257812e+00 8.660253882408142090e-01
9.203982353210449219e+00 8.433914184570312500e-01
9.460587501525878906e+00 8.433914184570312500e-01
9.632406234741210938e+00 8.433914184570312500e-01
1.009732532501220703e+01 8.433914184570312500e-01
1.154115867614746094e+01 8.433914184570312500e-01
1.123333549499511719e+01 8.433914184570312500e-01
1.069068431854248047e+01 8.433914184570312500e-01
1.031513786315917969e+01 8.433914184570312500e-01
1.015576171875000000e+01 8.433914184570312500e-01
9.862339019775390625e+00 8.433914184570312500e-01
9.932299613952636719e+00 8.433914184570312500e-01
9.895471572875976562e+00 8.433914184570312500e-01
9.791616439819335938e+00 8.433914184570312500e-01
1.006165599822998047e+01 8.433914184570312500e-01
1.026524543762207031e+01 8.433914184570312500e-01
1.050784492492675781e+01 8.433914184570312500e-01
1.023710441589355469e+01 8.433914184570312500e-01
9.876585006713867188e+00 8.433914184570312500e-01
9.983727455139160156e+00 8.433914184570312500e-01
1.025338745117187500e+01 8.433914184570312500e-01
1.050610637664794922e+01 8.433914184570312500e-01
1.082070350646972656e+01 8.433914184570312500e-01
1.108946990966796875e+01 8.433914184570312500e-01
1.128654670715332031e+01 8.433914184570312500e-01
1.134490203857421875e+01 8.433914184570312500e-01
1.136454010009765625e+01 8.433914184570312500e-01
1.122236633300781250e+01 8.433914184570312500e-01
9.963803291320800781e+00 8.433914184570312500e-01
9.663608551025390625e+00 8.433914184570312500e-01
9.722658157348632812e+00 8.433914184570312500e-01
9.924060821533203125e+00 8.433914184570312500e-01
1.046554565429687500e+01 8.433914184570312500e-01
1.014566707611083984e+01 8.433914184570312500e-01
9.897439956665039062e+00 8.433914184570312500e-01
9.541261672973632812e+00 8.433914184570312500e-01
9.306773185729980469e+00 8.433914184570312500e-01
9.301504135131835938e+00 8.433914184570312500e-01
9.351539611816406250e+00 8.433914184570312500e-01
9.279111862182617188e+00 8.433914184570312500e-01
9.102933883666992188e+00 8.191520571708679199e-01
9.243650436401367188e+00 8.191520571708679199e-01
9.368870735168457031e+00 8.191520571708679199e-01
1.122920036315917969e+01 8.191520571708679199e-01
1.095388984680175781e+01 8.191520571708679199e-01
1.066927909851074219e+01 8.191520571708679199e-01
1.059512329101562500e+01 8.191520571708679199e-01
1.061340713500976562e+01 8.191520571708679199e-01
1.037707233428955078e+01 8.191520571708679199e-01
1.027968788146972656e+01 8.191520571708679199e-01
1.034129810333251953e+01 8.191520571708679199e-01
1.019520664215087891e+01 8.191520571708679199e-01
1.013279914855957031e+01 8.191520571708679199e-01
1.019227123260498047e+01 8.191520571708679199e-01
1.036643600463867188e+01 8.191520571708679199e-01
1.034963417053222656e+01 8.191520571708679199e-01
1.020728015899658203e+01 8.191520571708679199e-01
1.023020744323730469e+01 8.191520571708679199e-01
1.035474205017089844e+01 8.191520571708679199e-01
1.056765842437744141e+01 8.191520571708679199e-01
1.077222824096679688e+01 8.191520571708679199e-01
1.099188613891601562e+01 8.191520571708679199e-01
1.122868633270263672e+01 8.191520571708679199e-01
1.131246376037597656e+01 8.191520571708679199e-01
1.126422023773193359e+01 8.191520571708679199e-01
1.027712726593017578e+01 8.191520571708679199e-01
1.023909187316894531e+01 8.191520571708679199e-01
1.046080207824707031e+01 8.191520571708679199e-01
1.009374237060546875e+01 8.191520571708679199e-01
9.720920562744140625e+00 8.191520571708679199e-01
9.603769302368164062e+00 8.191520571708679199e-01
9.799289703369140625e+00 8.191520571708679199e-01
1.002444553375244141e+01 8.191520571708679199e-01
9.959144592285156250e+00 8.191520571708679199e-01
9.934518814086914062e+00 8.191520571708679199e-01
9.669942855834960938e+00 8.191520571708679199e-01
9.470272064208984375e+00 8.191520571708679199e-01
9.414386749267578125e+00 8.191520571708679199e-01
9.375539779663085938e+00 8.191520571708679199e-01
9.299107551574707031e+00 8.191520571708679199e-01
1.105815315246582031e+01 7.933533191680908203e-01
1.109500694274902344e+01 7.933533191680908203e-01
1.104821395874023438e+01 7.933533191680908203e-01
1.084805965423583984e+01 7.933533191680908203e-01
1.071016979217529297e+01 7.933533191680908203e-01
1.078082084655761719e+01 7.933533191680908203e-01
1.056178569793701172e+01 7.933533191680908203e-01
1.040487098693847656e+01 7.933533191680908203e-01
1.041460704803466797e+01 7.933533191680908203e-01
1.029192066192626953e+01 7.933533191680908203e-01
1.018051910400390625e+01 7.933533191680908203e-01
1.024233913421630859e+01 7.933533191680908203e-01
1.028107357025146484e+01 7.933533191680908203e-01
1.029574489593505859e+01 7.933533191680908203e-01
1.024030303955078125e+01 7.933533191680908203e-01
1.027439212799072266e+01 7.933533191680908203e-01
1.039093208312988281e+01 7.933533191680908203e-01
1.061367034912109375e+01 7.933533191680908203e-01
1.078911304473876953e+01 7.933533191680908203e-01
1.094734287261962891e+01 7.933533191680908203e-01
1.110539817810058594e+01 7.933533191680908203e-01
1.117671012878417969e+01 7.933533191680908203e-01
1.109017372131347656e+01 7.933533191680908203e-01
1.044749641418457031e+01 7.933533191680908203e-01
1.016928768157958984e+01 7.933533191680908203e-01
1.051104450225830078e+01 7.933533191680908203e-01
1.025870323181152344e+01 7.933533191680908203e-01
9.906224250793457031e+00 7.933533191680908203e-01
9.648116111755371094e+00 7.933533191680908203e-01
9.617074966430664062e+00 7.933533191680908203e-01
9.764378547668457031e+00 7.933533191680908203e-01
9.845582962036132812e+00 7.933533191680908203e-01
9.864951133728027344e+00 7.933533191680908203e-01
9.816517829895019531e+00 7.933533191680908203e-01
9.784138679504394531e+00 7.933533191680908203e-01
9.784959793090820312e+00 7.933533191680908203e-01
9.713226318359375000e+00 7.933533191680908203e-01
9.331035614013671875e+00 7.933533191680908203e-01
9.221592903137207031e+00 7.933533191680908203e-01
9.341609954833984375e+00 7.660444378852844238e-01
1.036036777496337891e+01 7.660444378852844238e-01
1.066637611389160156e+01 7.660444378852844238e-01
1.089612293243408203e+01 7.660444378852844238e-01
1.104530048370361328e+01 7.660444378852844238e-01
1.107425498962402344e+01 7.660444378852844238e-01
1.094167327880859375e+01 7.660444378852844238e-01
1.088111305236816406e+01 7.660444378852844238e-01
1.091557502746582031e+01 7.660444378852844238e-01
1.068921947479248047e+01 7.660444378852844238e-01
1.049027633666992188e+01 7.660444378852844238e-01
1.046373176574707031e+01 7.660444378852844238e-01
1.033139991760253906e+01 7.660444378852844238e-01
1.019635677337646484e+01 7.660444378852844238e-01
1.023301982879638672e+01 7.660444378852844238e-01
1.020579433441162109e+01 7.660444378852844238e-01
1.021218967437744141e+01 7.660444378852844238e-01
1.023772048950195312e+01 7.660444378852844238e-01
1.031982231140136719e+01 7.660444378852844238e-01
1.044685935974121094e+01 7.660444378852844238e-01
1.064355945587158203e+01 7.660444378852844238e-01
1.082069396972656250e+01 7.660444378852844238e-01
1.092395305633544922e+01 7.660444378852844238e-01
1.102815055847167969e+01 7.660444378852844238e-01
1.106808185577392578e+01 7.660444378852844238e-01
1.090409660339355469e+01 7.660444378852844238e-01
1.064228725433349609e+01 7.660444378852844238e-01
1.040424537658691406e+01 7.660444378852844238e-01
1.038314819335937500e+01 7.660444378852844238e-01
1.023195838928222656e+01 7.660444378852844238e-01
1.005103111267089844e+01 7.660444378852844238e-01
1.029871368408203125e+01 7.660444378852844238e-01
1.008952140808105469e+01 7.660444378852844238e-01
9.821296691894531250e+00 7.660444378852844238e-01
9.670869827270507812e+00 7.660444378852844238e-01
9.680242538452148438e+00 7.660444378852844238e-01
9.826860427856445312e+00 7.660444378852844238e-01
9.945808410644531250e+00 7.660444378852844238e-01
1.004422283172607422e+01 7.660444378852844238e-01
9.977765083312988281e+00 7.660444378852844238e-01
1.000884246826171875e+01 7.660444378852844238e-01
9.923628807067871094e+00 7.660444378852844238e-01
9.802387237548828125e+00 7.660444378852844238e-01
9.837023735046386719e+00 7.660444378852844238e-01
9.373858451843261719e+00 7.660444378852844238e-01
9.246591567993164062e+00 7.660444378852844238e-01
9.496675491333007812e+00 7.372773289680480957e-01
9.766595840454101562e+00 7.372773289680480957e-01
1.004932117462158203e+01 7.372773289680480957e-01
1.024356460571289062e+01 7.372773289680480957e-01
1.048680591583251953e+01 7.372773289680480957e-01
1.110298156738281250e+01 7.372773289680480957e-01
1.102547264099121094e+01 7.372773289680480957e-01
1.089036083221435547e+01 7.372773289680480957e-01
1.075540828704833984e+01 7.372773289680480957e-01
1.054114818572998047e+01 7.372773289680480957e-01
1.049334239959716797e+01 7.372773289680480957e-01
1.035676097869873047e+01 7.372773289680480957e-01
1.021789646148681641e+01 7.372773289680480957e-01
1.016466045379638672e+01 7.372773289680480957e-01
1.016955471038818359e+01 7.372773289680480957e-01
1.020686149597167969e+01 7.372773289680480957e-01
1.028104209899902344e+01 7.372773289680480957e-01
1.036079883575439453e+01 7.372773289680480957e-01
1.046530437469482422e+01 7.372773289680480957e-01
1.060659122467041016e+01 7.372773289680480957e-01
1.077277851104736328e+01 7.372773289680480957e-01
1.086299228668212891e+01 7.372773289680480957e-01
1.093963241577148438e+01 7.372773289680480957e-01
1.091013050079345703e+01 7.372773289680480957e-01
1.075372028350830078e+01 7.372773289680480957e-01
1.051708030700683594e+01 7.372773289680480957e-01
1.039735603332519531e+01 7.372773289680480957e-01
1.036173820495605469e+01 7.372773289680480957e-01
1.025871658325195312e+01 7.372773289680480957e-01
1.020954513549804688e+01 7.372773289680480957e-01
1.006673145294189453e+01 7.372773289680480957e-01
9.974599838256835938e+00 7.372773289680480957e-01
9.934653282165527344e+00 7.372773289680480957e-01
9.764445304870605469e+00 7.372773289680480957e-01
9.690388679504394531e+00 7.372773289680480957e-01
9.798240661621093750e+00 7.372773289680480957e-01
9.996362686157226562e+00 7.372773289680480957e-01
1.001624488830566406e+01 7.372773289680480957e-01
1.011178207397460938e+01 7.372773289680480957e-01
1.005141353607177734e+01 7.372773289680480957e-01
1.013905048370361328e+01 7.372773289680480957e-01
1.009571933746337891e+01 7.372773289680480957e-01
9.950808525085449219e+00 7.372773289680480957e-01
9.878335952758789062e+00 7.372773289680480957e-01
9.787559509277343750e+00 7.372773289680480957e-01
9.387162208557128906e+00 7.372773289680480957e-01
9.400102615356445312e+00 7.372773289680480957e-01
9.714087486267089844e+00 7.071067690849304199e-01
9.850691795349121094e+00 7.071067690849304199e-01
9.888021469116210938e+00 7.071067690849304199e-01
9.903013229370117188e+00 7.071067690849304199e-01
9.986336708068847656e+00 7.071067690849304199e-01
1.009476089477539062e+01 7.071067690849304199e-01
1.023880195617675781e+01 7.071067690849304199e-01
1.039735889434814453e+01 7.071067690849304199e-01
1.111975288391113281e+01 7.071067690849304199e-01
1.102329444885253906e+01 7.071067690849304199e-01
1.089920902252197266e+01 7.071067690849304199e-01
1.081480789184570312e+01 7.071067690849304199e-01
1.060303115844726562e+01 7.071067690849304199e-01
1.048880004882812500e+01 7.071067690849304199e-01
1.041691017150878906e+01 7.071067690849304199e-01
1.027586555480957031e+01 7.071067690849304199e-01
1.017098236083984375e+01 7.071067690849304199e-01
1.014238262176513672e+01 7.071067690849304199e-01
1.018971729278564453e+01 7.071067690849304199e-01
1.026994895935058594e+01 7.071067690849304199e-01
1.033494186401367188e+01 7.071067690849304199e-01
1.043910789489746094e+01 7.071067690849304199e-01
1.051819896697998047e+01 7.071067690849304199e-01
1.060564136505126953e+01 7.071067690849304199e-01
1.069522476196289062e+01 7.071067690849304199e-01
1.075572013854980469e+01 7.071067690849304199e-01
1.072049903869628906e+01 7.071067690849304199e-01
1.056996154785156250e+01 7.071067690849304199e-01
1.042086791992187500e+01 7.071067690849304199e-01
1.033891010284423828e+01 7.071067690849304199e-01
1.024055194854736328e+01 7.071067690849304199e-01
1.012389183044433594e+01 7.071067690849304199e-01
9.987325668334960938e+00 7.071067690849304199e-01
1.021705341339111328e+01 7.071067690849304199e-01
9.944765090942382812e+00 7.071067690849304199e-01
9.887653350830078125e+00 7.071067690849304199e-01
9.805656433105468750e+00 7.071067690849304199e-01
9.602409362792968750e+00 7.071067690849304199e-01
9.609086036682128906e+00 7.071067690849304199e-01
9.721771240234375000e+00 7.071067690849304199e-01
9.823446273803710938e+00 7.071067690849304199e-01
9.846686363220214844e+00 7.071067690849304199e-01
9.966539382934570312e+00 7.071067690849304199e-01
1.009766674041748047e+01 7.071067690849304199e-01
1.013234043121337891e+01 7.071067690849304199e-01
1.002299022674560547e+01 7.071067690849304199e-01
1.003065967559814453e+01 7.071067690849304199e-01
9.930265426635742188e+00 7.071067690849304199e-01
9.816411018371582031e+00 6.755902171134948730e-01
9.964101791381835938e+00 6.755902171134948730e-01
1.006389713287353516e+01 6.755902171134948730e-01
1.008636665344238281e+01 6.755902171134948730e-01
1.008280086517333984e+01 6.755902171134948730e-01
1.013388252258300781e+01 6.755902171134948730e-01
1.023887062072753906e+01 6.755902171134948730e-01
1.036195945739746094e+01 6.755902171134948730e-01
1.059147453308105469e+01 6.755902171134948730e-01
1.089184093475341797e+01 6.755902171134948730e-01
1.105943965911865234e+01 6.755902171134948730e-01
1.106027412414550781e+01 6.755902171134948730e-01
1.096484947204589844e+01 6.755902171134948730e-01
1.090281486511230469e+01 6.755902171134948730e-01
1.088473796844482422e+01 6.755902171134948730e-01
1.083675765991210938e+01 6.755902171134948730e-01
1.067965221405029297e+01 6.755902171134948730e-01
1.055334472656250000e+01 6.755902171134948730e-01
1.053722763061523438e+01 6.755902171134948730e-01
1.037714385986328125e+01 6.755902171134948730e-01
1.022717475891113281e+01 6.755902171134948730e-01
1.020839214324951172e+01 6.755902171134948730e-01
1.021131801605224609e+01 6.755902171134948730e-01
1.027939605712890625e+01 6.755902171134948730e-01
1.030223655700683594e+01 6.755902171134948730e-01
1.037796783447265625e+01 6.755902171134948730e-01
1.040988349914550781e+01 6.755902171134948730e-01
1.045367908477783203e+01 6.755902171134948730e-01
1.049029159545898438e+01 6.755902171134948730e-01
1.051860618591308594e+01 6.755902171134948730e-01
1.048987483978271484e+01 6.755902171134948730e-01
1.039058971405029297e+01 6.755902171134948730e-01
1.030189895629882812e+01 6.755902171134948730e-01
1.021185588836669922e+01 6.755902171134948730e-01
1.010018730163574219e+01 6.755902171134948730e-01
1.000617408752441406e+01 6.755902171134948730e-01
9.949693679809570312e+00 6.755902171134948730e-01
1.006303405761718750e+01 6.755902171134948730e-01
9.865645408630371094e+00 6.755902171134948730e-01
9.855789184570312500e+00 6.755902171134948730e-01
9.729500770568847656e+00 6.755902171134948730e-01
9.526260375976562500e+00 6.755902171134948730e-01
9.484260559082031250e+00 6.755902171134948730e-01
9.561040878295898438e+00 6.755902171134948730e-01
9.673589706420898438e+00 6.755902171134948730e-01
9.746971130371093750e+00 6.755902171134948730e-01
9.855215072631835938e+00 6.755902171134948730e-01
1.007334518432617188e+01 6.755902171134948730e-01
1.052184581756591797e+01 6.755902171134948730e-01
1.024913597106933594e+01 6.755902171134948730e-01
1.018710994720458984e+01 6.755902171134948730e-01
1.027018356323242188e+01 6.755902171134948730e-01
1.018598937988281250e+01 6.755902171134948730e-01
9.938097000122070312e+00 6.755902171134948730e-01
9.818048477172851562e+00 6.427876353263854980e-01
9.975627899169921875e+00 6.427876353263854980e-01
1.007565498352050781e+01 6.427876353263854980e-01
1.012138271331787109e+01 6.427876353263854980e-01
1.011069679260253906e+01 6.427876353263854980e-01
1.012980651855468750e+01 6.427876353263854980e-01
1.021031761169433594e+01 6.427876353263854980e-01
1.029547786712646484e+01 6.427876353263854980e-01
1.045513725280761719e+01 6.427876353263854980e-01
1.070044612884521484e+01 6.427876353263854980e-01
1.089113044738769531e+01 6.427876353263854980e-01
1.090519046783447266e+01 6.427876353263854980e-01
1.088249969482421875e+01 6.427876353263854980e-01
1.086636924743652344e+01 6.427876353263854980e-01
1.086093139648437500e+01 6.427876353263854980e-01
1.085560035705566406e+01 6.427876353263854980e-01
1.079821109771728516e+01 6.427876353263854980e-01
1.068636035919189453e+01 6.427876353263854980e-01
1.060345649719238281e+01 6.427876353263854980e-01
1.049553871154785156e+01 6.427876353263854980e-01
1.038455772399902344e+01 6.427876353263854980e-01
1.032428073883056641e+01 6.427876353263854980e-01
1.030110836029052734e+01 6.427876353263854980e-01
1.032985115051269531e+01 6.427876353263854980e-01
1.036619377136230469e+01 6.427876353263854980e-01
1.038406085968017578e+01 6.427876353263854980e-01
1.038745784759521484e+01 6.427876353263854980e-01
1.038224220275878906e+01 6.427876353263854980e-01
1.035240364074707031e+01 6.427876353263854980e-01
1.035678577423095703e+01 6.427876353263854980e-01
1.033943271636962891e+01 6.427876353263854980e-01
1.027924919128417969e+01 6.427876353263854980e-01
1.019500923156738281e+01 6.427876353263854980e-01
1.010429954528808594e+01 6.427876353263854980e-01
9.994448661804199219e+00 6.427876353263854980e-01
9.968050956726074219e+00 6.427876353263854980e-01
9.968127250671386719e+00 6.427876353263854980e-01
1.006313800811767578e+01 6.427876353263854980e-01
9.774369239807128906e+00 6.427876353263854980e-01
9.826979637145996094e+00 6.427876353263854980e-01
9.707822799682617188e+00 6.427876353263854980e-01
9.527050018310546875e+00 6.427876353263854980e-01
9.400472640991210938e+00 6.427876353263854980e-01
9.364194869995117188e+00 6.427876353263854980e-01
9.485523223876953125e+00 6.427876353263854980e-01
9.627061843872070312e+00 6.427876353263854980e-01
9.767459869384765625e+00 6.427876353263854980e-01
1.002837753295898438e+01 6.427876353263854980e-01
1.051612281799316406e+01 6.427876353263854980e-01
1.061738395690917969e+01 6.427876353263854980e-01
1.036268806457519531e+01 6.427876353263854980e-01
1.029319000244140625e+01 6.427876353263854980e-01
1.046253490447998047e+01 6.427876353263854980e-01
1.046515846252441406e+01 6.427876353263854980e-01
1.026102638244628906e+01 6.427876353263854980e-01
1.024564933776855469e+01 6.427876353263854980e-01
1.019737434387207031e+01 6.427876353263854980e-01
9.807728767395019531e+00 6.087614297866821289e-01
1.000885009765625000e+01 6.087614297866821289e-01
1.005049705505371094e+01 6.087614297866821289e-01
1.006901168823242188e+01 6.087614297866821289e-01
1.009529113769531250e+01 6.087614297866821289e-01
1.015435791015625000e+01 6.087614297866821289e-01
1.022596549987792969e+01 6.087614297866821289e-01
1.033227348327636719e+01 6.087614297866821289e-01
1.048992443084716797e+01 6.087614297866821289e-01
1.063557147979736328e+01 6.087614297866821289e-01
1.070801544189453125e+01 6.087614297866821289e-01
1.074956607818603516e+01 6.087614297866821289e-01
1.079930305480957031e+01 6.087614297866821289e-01
1.080731296539306641e+01 6.087614297866821289e-01
1.079271221160888672e+01 6.087614297866821289e-01
1.077261257171630859e+01 6.087614297866821289e-01
1.071531486511230469e+01 6.087614297866821289e-01
1.063238811492919922e+01 6.087614297866821289e-01
1.053592109680175781e+01 6.087614297866821289e-01
1.043603706359863281e+01 6.087614297866821289e-01
1.033109474182128906e+01 6.087614297866821289e-01
1.028905868530273438e+01 6.087614297866821289e-01
1.027908515930175781e+01 6.087614297866821289e-01
1.031776046752929688e+01 6.087614297866821289e-01
1.034738445281982422e+01 6.087614297866821289e-01
1.034712982177734375e+01 6.087614297866821289e-01
1.032826805114746094e+01 6.087614297866821289e-01
1.025770473480224609e+01 6.087614297866821289e-01
1.020224857330322266e+01 6.087614297866821289e-01
1.020187377929687500e+01 6.087614297866821289e-01
1.017328071594238281e+01 6.087614297866821289e-01
1.011283779144287109e+01 6.087614297866821289e-01
1.006659507751464844e+01 6.087614297866821289e-01
1.000345993041992188e+01 6.087614297866821289e-01
1.000562191009521484e+01 6.087614297866821289e-01
1.002296066284179688e+01 6.087614297866821289e-01
1.005488491058349609e+01 6.087614297866821289e-01
1.001618766784667969e+01 6.087614297866821289e-01
9.580519676208496094e+00 6.087614297866821289e-01
9.704960823059082031e+00 6.087614297866821289e-01
9.749457359313964844e+00 6.087614297866821289e-01
9.661214828491210938e+00 6.087614297866821289e-01
9.499602317810058594e+00 6.087614297866821289e-01
9.376827239990234375e+00 6.087614297866821289e-01
9.367620468139648438e+00 6.087614297866821289e-01
9.425351142883300781e+00 6.087614297866821289e-01
9.526647567749023438e+00 6.087614297866821289e-01
9.685256004333496094e+00 6.087614297866821289e-01
9.962668418884277344e+00 6.087614297866821289e-01
1.031154441833496094e+01 6.087614297866821289e-01
1.049185371398925781e+01 6.087614297866821289e-01
1.040017890930175781e+01 6.087614297866821289e-01
1.051653861999511719e+01 6.087614297866821289e-01
1.052075386047363281e+01 6.087614297866821289e-01
1.046776390075683594e+01 6.087614297866821289e-01
1.056258964538574219e+01 6.087614297866821289e-01
1.039615058898925781e+01 6.087614297866821289e-01
9.685283660888671875e+00 6.087614297866821289e-01
9.719283103942871094e+00 6.087614297866821289e-01
9.998263359069824219e+00 5.735764503479003906e-01
1.011786174774169922e+01 5.735764503479003906e-01
1.019364070892333984e+01 5.735764503479003906e-01
1.026307582855224609e+01 5.735764503479003906e-01
1.034545707702636719e+01 5.735764503479003906e-01
1.043798637390136719e+01 5.735764503479003906e-01
1.051611423492431641e+01 5.735764503479003906e-01
1.056199836730957031e+01 5.735764503479003906e-01
1.063700580596923828e+01 5.735764503479003906e-01
1.067718315124511719e+01 5.735764503479003906e-01
1.066198921203613281e+01 5.735764503479003906e-01
1.062562370300292969e+01 5.735764503479003906e-01
1.061370754241943359e+01 5.735764503479003906e-01
1.057968521118164062e+01 5.735764503479003906e-01
1.048749828338623047e+01 5.735764503479003906e-01
1.039217567443847656e+01 5.735764503479003906e-01
1.030842590332031250e+01 5.735764503479003906e-01
1.023468112945556641e+01 5.735764503479003906e-01
1.022992515563964844e+01 5.735764503479003906e-01
1.027396774291992188e+01 5.735764503479003906e-01
1.030874252319335938e+01 5.735764503479003906e-01
1.029782581329345703e+01 5.735764503479003906e-01
1.029394340515136719e+01 5.735764503479003906e-01
1.022887229919433594e+01 5.735764503479003906e-01
1.012377357482910156e+01 5.735764503479003906e-01
1.010621070861816406e+01 5.735764503479003906e-01
1.009125137329101562e+01 5.735764503479003906e-01
1.006711673736572266e+01 5.735764503479003906e-01
1.007941627502441406e+01 5.735764503479003906e-01
1.007474040985107422e+01 5.735764503479003906e-01
1.004456615447998047e+01 5.735764503479003906e-01
1.001500129699707031e+01 5.735764503479003906e-01
1.003577709197998047e+01 5.735764503479003906e-01
1.004402446746826172e+01 5.735764503479003906e-01
9.527476310729980469e+00 5.735764503479003906e-01
9.546440124511718750e+00 5.735764503479003906e-01
9.580113410949707031e+00 5.735764503479003906e-01
9.577626228332519531e+00 5.735764503479003906e-01
9.539713859558105469e+00 5.735764503479003906e-01
9.432268142700195312e+00 5.735764503479003906e-01
9.367578506469726562e+00 5.735764503479003906e-01
9.366588592529296875e+00 5.735764503479003906e-01
9.396137237548828125e+00 5.735764503479003906e-01
9.524835586547851562e+00 5.735764503479003906e-01
9.650850296020507812e+00 5.735764503479003906e-01
9.829224586486816406e+00 5.735764503479003906e-01
1.014183044433593750e+01 5.735764503479003906e-01
1.050763130187988281e+01 5.735764503479003906e-01
1.050556087493896484e+01 5.735764503479003906e-01
1.048948192596435547e+01 5.735764503479003906e-01
1.050798797607421875e+01 5.735764503479003906e-01
1.057101249694824219e+01 5.735764503479003906e-01
9.775720596313476562e+00 5.735764503479003906e-01
1.004683780670166016e+01 5.372995734214782715e-01
1.020533561706542969e+01 5.372995734214782715e-01
1.025691509246826172e+01 5.372995734214782715e-01
1.031200408935546875e+01 5.372995734214782715e-01
1.036819648742675781e+01 5.372995734214782715e-01
1.041241168975830078e+01 5.372995734214782715e-01
1.044874572753906250e+01 5.372995734214782715e-01
1.047868347167968750e+01 5.372995734214782715e-01
1.051275920867919922e+01 5.372995734214782715e-01
1.050580024719238281e+01 5.372995734214782715e-01
1.047182083129882812e+01 5.372995734214782715e-01
1.046669960021972656e+01 5.372995734214782715e-01
1.044158363342285156e+01 5.372995734214782715e-01
1.037335014343261719e+01 5.372995734214782715e-01
1.028961372375488281e+01 5.372995734214782715e-01
1.020986747741699219e+01 5.372995734214782715e-01
1.016640853881835938e+01 5.372995734214782715e-01
1.016684246063232422e+01 5.372995734214782715e-01
1.019933795928955078e+01 5.372995734214782715e-01
1.023645973205566406e+01 5.372995734214782715e-01
1.025376605987548828e+01 5.372995734214782715e-01
1.026704025268554688e+01 5.372995734214782715e-01
1.022427558898925781e+01 5.372995734214782715e-01
1.013236904144287109e+01 5.372995734214782715e-01
1.006117916107177734e+01 5.372995734214782715e-01
1.002025794982910156e+01 5.372995734214782715e-01
1.001584434509277344e+01 5.372995734214782715e-01
1.006785869598388672e+01 5.372995734214782715e-01
1.007302951812744141e+01 5.372995734214782715e-01
1.001572895050048828e+01 5.372995734214782715e-01
9.968496322631835938e+00 5.372995734214782715e-01
9.999879837036132812e+00 5.372995734214782715e-01
1.011065101623535156e+01 5.372995734214782715e-01
9.864709854125976562e+00 5.372995734214782715e-01
9.717027664184570312e+00 5.372995734214782715e-01
9.602201461791992188e+00 5.372995734214782715e-01
9.524190902709960938e+00 5.372995734214782715e-01
9.470228195190429688e+00 5.372995734214782715e-01
9.447824478149414062e+00 5.372995734214782715e-01
9.420086860656738281e+00 5.372995734214782715e-01
9.405590057373046875e+00 5.372995734214782715e-01
9.443374633789062500e+00 5.372995734214782715e-01
9.742846488952636719e+00 5.372995734214782715e-01
9.674729347229003906e+00 5.372995734214782715e-01
9.688344001770019531e+00 5.372995734214782715e-01
1.063088798522949219e+01 5.372995734214782715e-01
1.060525035858154297e+01 5.372995734214782715e-01
1.060992527008056641e+01 5.372995734214782715e-01
1.065029335021972656e+01 5.372995734214782715e-01
9.871582984924316406e+00 5.372995734214782715e-01
1.009909725189208984e+01 4.999999701976776123e-01
1.013045883178710938e+01 4.999999701976776123e-01
1.016999626159667969e+01 4.999999701976776123e-01
1.028202438354492188e+01 4.999999701976776123e-01
1.032957744598388672e+01 4.999999701976776123e-01
1.036325645446777344e+01 4.999999701976776123e-01
1.038728427886962891e+01 4.999999701976776123e-01
1.040572738647460938e+01 4.999999701976776123e-01
1.040431976318359375e+01 4.999999701976776123e-01
1.037946510314941406e+01 4.999999701976776123e-01
1.037023353576660156e+01 4.999999701976776123e-01
1.036917686462402344e+01 4.999999701976776123e-01
1.036312389373779297e+01 4.999999701976776123e-01
1.035874652862548828e+01 4.999999701976776123e-01
1.033262062072753906e+01 4.999999701976776123e-01
1.027184867858886719e+01 4.999999701976776123e-01
1.018450450897216797e+01 4.999999701976776123e-01
1.010778427124023438e+01 4.999999701976776123e-01
1.005716037750244141e+01 4.999999701976776123e-01
1.007617473602294922e+01 4.999999701976776123e-01
1.008212757110595703e+01 4.999999701976776123e-01
1.009318637847900391e+01 4.999999701976776123e-01
1.016979312896728516e+01 4.999999701976776123e-01
1.020045661926269531e+01 4.999999701976776123e-01
1.017735290527343750e+01 4.999999701976776123e-01
1.011843681335449219e+01 4.999999701976776123e-01
1.004155254364013672e+01 4.999999701976776123e-01
9.989400863647460938e+00 4.999999701976776123e-01
9.979498863220214844e+00 4.999999701976776123e-01
9.998935699462890625e+00 4.999999701976776123e-01
1.001068019866943359e+01 4.999999701976776123e-01
9.977102279663085938e+00 4.999999701976776123e-01
9.927850723266601562e+00 4.999999701976776123e-01
9.958395004272460938e+00 4.999999701976776123e-01
1.002231502532958984e+01 4.999999701976776123e-01
1.005026340484619141e+01 4.999999701976776123e-01
1.009835052490234375e+01 4.999999701976776123e-01
1.013410949707031250e+01 4.999999701976776123e-01
1.002533149719238281e+01 4.999999701976776123e-01
9.266801834106445312e+00 4.999999701976776123e-01
9.237104415893554688e+00 4.999999701976776123e-01
9.327396392822265625e+00 4.999999701976776123e-01
9.423364639282226562e+00 4.999999701976776123e-01
9.538522720336914062e+00 4.999999701976776123e-01
9.705466270446777344e+00 4.999999701976776123e-01
9.932826042175292969e+00 4.999999701976776123e-01
1.004372215270996094e+01 4.999999701976776123e-01
9.837963104248046875e+00 4.999999701976776123e-01
9.654124259948730469e+00 4.999999701976776123e-01
9.533922195434570312e+00 4.999999701976776123e-01
9.473658561706542969e+00 4.999999701976776123e-01
9.443884849548339844e+00 4.999999701976776123e-01
9.435936927795410156e+00 4.999999701976776123e-01
9.460383415222167969e+00 4.999999701976776123e-01
9.551126480102539062e+00 4.999999701976776123e-01
9.695500373840332031e+00 4.999999701976776123e-01
9.816461563110351562e+00 4.999999701976776123e-01
1.095567321777343750e+01 4.999999701976776123e-01
1.094241428375244141e+01 4.999999701976776123e-01
1.025115966796875000e+01 4.617486000061035156e-01
1.029672336578369141e+01 4.617486000061035156e-01
1.034476280212402344e+01 4.617486000061035156e-01
1.042791938781738281e+01 4.617486000061035156e-01
1.045071983337402344e+01 4.617486000061035156e-01
1.046900367736816406e+01 4.617486000061035156e-01
1.047571277618408203e+01 4.617486000061035156e-01
1.047619819641113281e+01 4.617486000061035156e-01
1.046965217590332031e+01 4.617486000061035156e-01
1.044194793701171875e+01 4.617486000061035156e-01
1.039221191406250000e+01 4.617486000061035156e-01
1.033209705352783203e+01 4.617486000061035156e-01
1.029583263397216797e+01 4.617486000061035156e-01
1.027091407775878906e+01 4.617486000061035156e-01
1.024872398376464844e+01 4.617486000061035156e-01
1.023114299774169922e+01 4.617486000061035156e-01
1.019821739196777344e+01 4.617486000061035156e-01
1.013820171356201172e+01 4.617486000061035156e-01
1.006857872009277344e+01 4.617486000061035156e-01
1.002417945861816406e+01 4.617486000061035156e-01
1.001260566711425781e+01 4.617486000061035156e-01
1.000118923187255859e+01 4.617486000061035156e-01
1.001557540893554688e+01 4.617486000061035156e-01
1.007884025573730469e+01 4.617486000061035156e-01
1.012592220306396484e+01 4.617486000061035156e-01
1.012969207763671875e+01 4.617486000061035156e-01
1.010767078399658203e+01 4.617486000061035156e-01
1.005066871643066406e+01 4.617486000061035156e-01
1.001997947692871094e+01 4.617486000061035156e-01
1.001098442077636719e+01 4.617486000061035156e-01
1.000677108764648438e+01 4.617486000061035156e-01
9.988080978393554688e+00 4.617486000061035156e-01
9.952646255493164062e+00 4.617486000061035156e-01
9.939368247985839844e+00 4.617486000061035156e-01
9.968999862670898438e+00 4.617486000061035156e-01
9.990780830383300781e+00 4.617486000061035156e-01
9.988664627075195312e+00 4.617486000061035156e-01
9.974163055419921875e+00 4.617486000061035156e-01
9.974631309509277344e+00 4.617486000061035156e-01
1.003505516052246094e+01 4.617486000061035156e-01
1.005685234069824219e+01 4.617486000061035156e-01
1.004662513732910156e+01 4.617486000061035156e-01
1.005921936035156250e+01 4.617486000061035156e-01
1.009810352325439453e+01 4.617486000061035156e-01
1.017231178283691406e+01 4.617486000061035156e-01
9.402353286743164062e+00 4.617486000061035156e-01
9.425945281982421875e+00 4.617486000061035156e-01
9.451713562011718750e+00 4.617486000061035156e-01
9.482215881347656250e+00 4.617486000061035156e-01
9.523163795471191406e+00 4.617486000061035156e-01
9.615427970886230469e+00 4.617486000061035156e-01
9.749697685241699219e+00 4.617486000061035156e-01
9.810004234313964844e+00 4.617486000061035156e-01
9.763174057006835938e+00 4.617486000061035156e-01
9.639343261718750000e+00 4.617486000061035156e-01
9.539823532104492188e+00 4.617486000061035156e-01
9.493725776672363281e+00 4.617486000061035156e-01
9.511319160461425781e+00 4.617486000061035156e-01
9.531038284301757812e+00 4.617486000061035156e-01
9.559915542602539062e+00 4.617486000061035156e-01
9.627717971801757812e+00 4.617486000061035156e-01
9.760032653808593750e+00 4.617486000061035156e-01
9.871795654296875000e+00 4.617486000061035156e-01
1.008971309661865234e+01 4.617486000061035156e-01
1.136839675903320312e+01 4.617486000061035156e-01
1.188630676269531250e+01 4.617486000061035156e-01
1.192479991912841797e+01 4.617486000061035156e-01
1.056206226348876953e+01 4.226182401180267334e-01
1.060523033142089844e+01 4.226182401180267334e-01
1.061821174621582031e+01 4.226182401180267334e-01
1.061744213104248047e+01 4.226182401180267334e-01
1.060692882537841797e+01 4.226182401180267334e-01
1.059427642822265625e+01 4.226182401180267334e-01
1.057554721832275391e+01 4.226182401180267334e-01
1.053644371032714844e+01 4.226182401180267334e-01
1.046034526824951172e+01 4.226182401180267334e-01
1.036775779724121094e+01 4.226182401180267334e-01
1.027523803710937500e+01 4.226182401180267334e-01
1.021269798278808594e+01 4.226182401180267334e-01
1.017524528503417969e+01 4.226182401180267334e-01
1.015929698944091797e+01 4.226182401180267334e-01
1.014424705505371094e+01 4.226182401180267334e-01
1.011527729034423828e+01 4.226182401180267334e-01
1.007002067565917969e+01 4.226182401180267334e-01
9.996877670288085938e+00 4.226182401180267334e-01
9.950415611267089844e+00 4.226182401180267334e-01
9.926145553588867188e+00 4.226182401180267334e-01
9.941845893859863281e+00 4.226182401180267334e-01
9.982563972473144531e+00 4.226182401180267334e-01
1.002486133575439453e+01 4.226182401180267334e-01
1.006139945983886719e+01 4.226182401180267334e-01
1.008933830261230469e+01 4.226182401180267334e-01
1.009134483337402344e+01 4.226182401180267334e-01
1.008911228179931641e+01 4.226182401180267334e-01
1.005810356140136719e+01 4.226182401180267334e-01
1.004435920715332031e+01 4.226182401180267334e-01
1.001214790344238281e+01 4.226182401180267334e-01
9.973130226135253906e+00 4.226182401180267334e-01
9.954072952270507812e+00 4.226182401180267334e-01
9.960433959960937500e+00 4.226182401180267334e-01
9.957262039184570312e+00 4.226182401180267334e-01
9.949312210083007812e+00 4.226182401180267334e-01
9.926808357238769531e+00 4.226182401180267334e-01
9.928028106689453125e+00 4.226182401180267334e-01
9.972481727600097656e+00 4.226182401180267334e-01
9.993101119995117188e+00 4.226182401180267334e-01
1.005014419555664062e+01 4.226182401180267334e-01
1.012749290466308594e+01 4.226182401180267334e-01
1.019761180877685547e+01 4.226182401180267334e-01
1.026352119445800781e+01 4.226182401180267334e-01
9.492790222167968750e+00 4.226182401180267334e-01
9.517569541931152344e+00 4.226182401180267334e-01
9.535608291625976562e+00 4.226182401180267334e-01
9.572819709777832031e+00 4.226182401180267334e-01
9.609463691711425781e+00 4.226182401180267334e-01
9.647064208984375000e+00 4.226182401180267334e-01
9.715106964111328125e+00 4.226182401180267334e-01
9.742166519165039062e+00 4.226182401180267334e-01
9.706559181213378906e+00 4.226182401180267334e-01
9.635643005371093750e+00 4.226182401180267334e-01
9.593015670776367188e+00 4.226182401180267334e-01
9.573705673217773438e+00 4.226182401180267334e-01
9.594848632812500000e+00 4.226182401180267334e-01
9.659463882446289062e+00 4.226182401180267334e-01
9.760900497436523438e+00 4.226182401180267334e-01
9.854761123657226562e+00 4.226182401180267334e-01
1.002948379516601562e+01 4.226182401180267334e-01
1.024464702606201172e+01 4.226182401180267334e-01
1.056103610992431641e+01 4.226182401180267334e-01
1.094233894348144531e+01 4.226182401180267334e-01
1.135022926330566406e+01 4.226182401180267334e-01
1.185168647766113281e+01 4.226182401180267334e-01
1.163675880432128906e+01 4.226182401180267334e-01
1.194558143615722656e+01 4.226182401180267334e-01
1.202739906311035156e+01 4.226182401180267334e-01
1.217008018493652344e+01 4.226182401180267334e-01
1.095740127563476562e+01 4.226182401180267334e-01
1.064701652526855469e+01 4.226182401180267334e-01
1.073939800262451172e+01 3.826834261417388916e-01
1.077487182617187500e+01 3.826834261417388916e-01
1.078190803527832031e+01 3.826834261417388916e-01
1.077283287048339844e+01 3.826834261417388916e-01
1.075411415100097656e+01 3.826834261417388916e-01
1.073303985595703125e+01 3.826834261417388916e-01
1.071059894561767578e+01 3.826834261417388916e-01
1.044241237640380859e+01 3.826834261417388916e-01
1.031488227844238281e+01 3.826834261417388916e-01
1.021495628356933594e+01 3.826834261417388916e-01
1.016581630706787109e+01 3.826834261417388916e-01
1.014652347564697266e+01 3.826834261417388916e-01
1.012119102478027344e+01 3.826834261417388916e-01
1.009455394744873047e+01 3.826834261417388916e-01
1.004481315612792969e+01 3.826834261417388916e-01
9.967299461364746094e+00 3.826834261417388916e-01
9.888461112976074219e+00 3.826834261417388916e-01
9.870458602905273438e+00 3.826834261417388916e-01
9.883035659790039062e+00 3.826834261417388916e-01
9.922098159790039062e+00 3.826834261417388916e-01
9.977792739868164062e+00 3.826834261417388916e-01
1.004152488708496094e+01 3.826834261417388916e-01
1.009867095947265625e+01 3.826834261417388916e-01
1.013303470611572266e+01 3.826834261417388916e-01
1.011647415161132812e+01 3.826834261417388916e-01
1.007211875915527344e+01 3.826834261417388916e-01
1.003424072265625000e+01 3.826834261417388916e-01
1.002007007598876953e+01 3.826834261417388916e-01
1.000784206390380859e+01 3.826834261417388916e-01
9.999756813049316406e+00 3.826834261417388916e-01
9.988272666931152344e+00 3.826834261417388916e-01
9.976573944091796875e+00 3.826834261417388916e-01
9.977734565734863281e+00 3.826834261417388916e-01
9.986679077148437500e+00 3.826834261417388916e-01
1.001026821136474609e+01 3.826834261417388916e-01
1.001739501953125000e+01 3.826834261417388916e-01
1.007037544250488281e+01 3.826834261417388916e-01
1.016805839538574219e+01 3.826834261417388916e-01
1.028293228149414062e+01 3.826834261417388916e-01
1.035345363616943359e+01 3.826834261417388916e-01
1.042426109313964844e+01 3.826834261417388916e-01
1.045866680145263672e+01 3.826834261417388916e-01
1.046089172363281250e+01 3.826834261417388916e-01
1.034605979919433594e+01 3.826834261417388916e-01
9.665691375732421875e+00 3.826834261417388916e-01
9.626190185546875000e+00 3.826834261417388916e-01
9.600286483764648438e+00 3.826834261417388916e-01
9.598360061645507812e+00 3.826834261417388916e-01
9.631990432739257812e+00 3.826834261417388916e-01
9.669953346252441406e+00 3.826834261417388916e-01
9.696786880493164062e+00 3.826834261417388916e-01
9.694876670837402344e+00 3.826834261417388916e-01
9.683462142944335938e+00 3.826834261417388916e-01
9.654203414916992188e+00 3.826834261417388916e-01
9.646196365356445312e+00 3.826834261417388916e-01
9.669628143310546875e+00 3.826834261417388916e-01
9.705541610717773438e+00 3.826834261417388916e-01
9.821911811828613281e+00 3.826834261417388916e-01
9.903604507446289062e+00 3.826834261417388916e-01
1.006132888793945312e+01 3.826834261417388916e-01
1.029617309570312500e+01 3.826834261417388916e-01
1.057353401184082031e+01 3.826834261417388916e-01
1.088772010803222656e+01 3.826834261417388916e-01
1.128709983825683594e+01 3.826834261417388916e-01
1.178437900543212891e+01 3.826834261417388916e-01
1.243668365478515625e+01 3.826834261417388916e-01
1.229797458648681641e+01 3.826834261417388916e-01
1.177569007873535156e+01 3.826834261417388916e-01
1.194782447814941406e+01 3.826834261417388916e-01
1.202155113220214844e+01 3.826834261417388916e-01
1.209491539001464844e+01 3.826834261417388916e-01
1.220618152618408203e+01 3.826834261417388916e-01
1.234191989898681641e+01 3.826834261417388916e-01
1.233522701263427734e+01 3.826834261417388916e-01
1.087096405029296875e+01 3.420201539993286133e-01
1.087191009521484375e+01 3.420201539993286133e-01
1.085677528381347656e+01 3.420201539993286133e-01
1.012345695495605469e+01 3.420201539993286133e-01
1.009992599487304688e+01 3.420201539993286133e-01
1.007917976379394531e+01 3.420201539993286133e-01
1.004347419738769531e+01 3.420201539993286133e-01
9.993296623229980469e+00 3.420201539993286133e-01
9.938332557678222656e+00 3.420201539993286133e-01
9.908144950866699219e+00 3.420201539993286133e-01
9.910334587097167969e+00 3.420201539993286133e-01
9.940771102905273438e+00 3.420201539993286133e-01
9.984175682067871094e+00 3.420201539993286133e-01
1.004650211334228516e+01 3.420201539993286133e-01
1.010581111907958984e+01 3.420201539993286133e-01
1.014261817932128906e+01 3.420201539993286133e-01
1.015256786346435547e+01 3.420201539993286133e-01
1.010061550140380859e+01 3.420201539993286133e-01
1.011279392242431641e+01 3.420201539993286133e-01
1.009927463531494141e+01 3.420201539993286133e-01
1.009861946105957031e+01 3.420201539993286133e-01
1.012093448638916016e+01 3.420201539993286133e-01
9.739927291870117188e+00 3.420201539993286133e-01
9.693202972412109375e+00 3.420201539993286133e-01
9.666316986083984375e+00 3.420201539993286133e-01
9.689778327941894531e+00 3.420201539993286133e-01
9.718580245971679688e+00 3.420201539993286133e-01
9.828979492187500000e+00 3.420201539993286133e-01
9.926352500915527344e+00 3.420201539993286133e-01
1.009371185302734375e+01 3.420201539993286133e-01
1.027275180816650391e+01 3.420201539993286133e-01
1.105765342712402344e+01 3.420201539993286133e-01
1.149612331390380859e+01 3.420201539993286133e-01
1.200671863555908203e+01 3.420201539993286133e-01
1.262538337707519531e+01 3.420201539993286133e-01
1.357153606414794922e+01 3.420201539993286133e-01
1.374011421203613281e+01 3.420201539993286133e-01
1.253454494476318359e+01 3.420201539993286133e-01
1.211587047576904297e+01 3.420201539993286133e-01
1.216501045227050781e+01 3.420201539993286133e-01
1.216350460052490234e+01 3.420201539993286133e-01
1.218228149414062500e+01 3.420201539993286133e-01
1.221308803558349609e+01 3.420201539993286133e-01
1.221062755584716797e+01 3.420201539993286133e-01
1.207170677185058594e+01 3.420201539993286133e-01
1.190410232543945312e+01 3.420201539993286133e-01
1.011094474792480469e+01 3.007058203220367432e-01
9.999945640563964844e+00 3.007058203220367432e-01
9.977350234985351562e+00 3.007058203220367432e-01
9.960222244262695312e+00 3.007058203220367432e-01
9.956323623657226562e+00 3.007058203220367432e-01
9.957361221313476562e+00 3.007058203220367432e-01
9.976948738098144531e+00 3.007058203220367432e-01
1.004383563995361328e+01 3.007058203220367432e-01
1.010765647888183594e+01 3.007058203220367432e-01
1.015829372406005859e+01 3.007058203220367432e-01
1.021021270751953125e+01 3.007058203220367432e-01
1.023217868804931641e+01 3.007058203220367432e-01
9.707120895385742188e+00 3.007058203220367432e-01
9.745530128479003906e+00 3.007058203220367432e-01
9.896259307861328125e+00 3.007058203220367432e-01
1.001001358032226562e+01 3.007058203220367432e-01
1.109402561187744141e+01 3.007058203220367432e-01
1.150639152526855469e+01 3.007058203220367432e-01
1.192922401428222656e+01 3.007058203220367432e-01
1.236822605133056641e+01 3.007058203220367432e-01
1.266774177551269531e+01 3.007058203220367432e-01
1.206868553161621094e+01 3.007058203220367432e-01
1.211341857910156250e+01 3.007058203220367432e-01
1.213231945037841797e+01 3.007058203220367432e-01
1.213304710388183594e+01 3.007058203220367432e-01
1.211859703063964844e+01 3.007058203220367432e-01
1.209698677062988281e+01 3.007058203220367432e-01
1.195389747619628906e+01 3.007058203220367432e-01
1.184918403625488281e+01 3.007058203220367432e-01
1.161886596679687500e+01 3.007058203220367432e-01
9.987043380737304688e+00 2.588190734386444092e-01
9.976664543151855469e+00 2.588190734386444092e-01
9.982398033142089844e+00 2.588190734386444092e-01
1.002183341979980469e+01 2.588190734386444092e-01
1.007169151306152344e+01 2.588190734386444092e-01
1.014630699157714844e+01 2.588190734386444092e-01
1.022900009155273438e+01 2.588190734386444092e-01
1.106869792938232422e+01 2.588190734386444092e-01
1.140664863586425781e+01 2.588190734386444092e-01
1.170828247070312500e+01 2.588190734386444092e-01
1.194886016845703125e+01 2.588190734386444092e-01
1.197968482971191406e+01 2.588190734386444092e-01
1.200084972381591797e+01 2.588190734386444092e-01
1.201046276092529297e+01 2.588190734386444092e-01
1.200724887847900391e+01 2.588190734386444092e-01
1.197789955139160156e+01 2.588190734386444092e-01
1.195793819427490234e+01 2.588190734386444092e-01
1.189340305328369141e+01 2.588190734386444092e-01
1.166576385498046875e+01 2.588190734386444092e-01
1.154251384735107422e+01 2.588190734386444092e-01
1.004514122009277344e+01 2.164396494626998901e-01
1.005277442932128906e+01 2.164396494626998901e-01
1.082362556457519531e+01 2.164396494626998901e-01
1.098413562774658203e+01 2.164396494626998901e-01
1.113092231750488281e+01 2.164396494626998901e-01
1.127172660827636719e+01 2.164396494626998901e-01
1.156839275360107422e+01 2.164396494626998901e-01
1.163401412963867188e+01 2.164396494626998901e-01
1.166382884979248047e+01 2.164396494626998901e-01
1.170719718933105469e+01 2.164396494626998901e-01
1.173497104644775391e+01 2.164396494626998901e-01
1.177341651916503906e+01 2.164396494626998901e-01
1.177563095092773438e+01 2.164396494626998901e-01
1.176812648773193359e+01 2.164396494626998901e-01
1.173551368713378906e+01 2.164396494626998901e-01
1.170972919464111328e+01 2.164396494626998901e-01
1.154066658020019531e+01 2.164396494626998901e-01
1.145540523529052734e+01 2.164396494626998901e-01
1.137002849578857422e+01 2.164396494626998901e-01
1.047567272186279297e+01 1.736482232809066772e-01
1.046224308013916016e+01 1.736482232809066772e-01
1.059587574005126953e+01 1.736482232809066772e-01
1.071855640411376953e+01 1.736482232809066772e-01
1.082721042633056641e+01 1.736482232809066772e-01
1.090929985046386719e+01 1.736482232809066772e-01
1.098952770233154297e+01 1.736482232809066772e-01
1.104661655426025391e+01 1.736482232809066772e-01
1.109572219848632812e+01 1.736482232809066772e-01
1.114848613739013672e+01 1.736482232809066772e-01
1.123178672790527344e+01 1.736482232809066772e-01
1.127050781250000000e+01 1.736482232809066772e-01
1.130506038665771484e+01 1.736482232809066772e-01
1.134164333343505859e+01 1.736482232809066772e-01
1.136713695526123047e+01 1.736482232809066772e-01
1.118385124206542969e+01 1.736482232809066772e-01
1.122385692596435547e+01 1.736482232809066772e-01
1.120842552185058594e+01 1.736482232809066772e-01
1.117634391784667969e+01 1.736482232809066772e-01
1.107587623596191406e+01 1.736482232809066772e-01
1.051932907104492188e+01 1.305262446403503418e-01
1.055188846588134766e+01 1.305262446403503418e-01
1.057575416564941406e+01 1.305262446403503418e-01
1.059032249450683594e+01 1.305262446403503418e-01
1.076939678192138672e+01 1.305262446403503418e-01
1.063610363006591797e+01 1.305262446403503418e-01
1.069228363037109375e+01 1.305262446403503418e-01
1.074552440643310547e+01 1.305262446403503418e-01
1.078334999084472656e+01 1.305262446403503418e-01
1.080813789367675781e+01 1.305262446403503418e-01
