20.5731450484 0.000214775616299033
20.6187496827247 0.000207006540651931
20.6643543170493 0.000199121167136927
20.709958951374 0.000191187631107353
20.7555635856986 0.000183290813895521
20.8011682200233 0.000175533903135439
20.8467728543479 0.000167979101413601
20.8923774886726 0.000160690005571654
20.9379821229973 0.000153727132825598
20.9835867573219 0.000147147528630536
21.0291913916466 0.000141067404966021
21.0747960259712 0.000135554546581637
21.1204006602959 0.000130589901461699
21.1660052946206 0.000126204529686155
21.2116099289452 0.000122424026219523
21.2572145632699 0.000119268438314246
21.3028191975945 0.000116832942106426
21.3484238319192 0.000115124263349232
21.3940284662438 0.000114057017980194
21.4396331005685 0.000113620368075097
21.4852377348932 0.00011379815833298
21.5308423692178 0.000114569067188799
21.5764470035425 0.000115971221703448
21.6220516378671 0.000117953589553584
21.6676562721918 0.000120405482468881
21.7132609065164 0.000123283641229847
21.7588655408411 0.000126542619240982
21.8044701751658 0.000130135299180767
21.8500748094904 0.00013404016273301
21.8956794438151 0.000138185722136342
21.9412840781397 0.000142492396828615
21.9868887124644 0.00014691839264948
22.032493346789 0.0001514255551506
22.0780979811137 0.000155979891780302
22.1237026154384 0.00016055069723289
22.169307249763 0.000165108775448376
22.2149118840877 0.000169643429900629
22.2605165184123 0.000174151981294653
22.306121152737 0.000178637722073603
22.3517257870616 0.000183109701068925
22.3973304213863 0.000187586769337349
22.442935055711 0.000192102248317194
22.4885396900356 0.00019668328761052
22.5341443243603 0.000201358968322027
22.5797489586849 0.000206158941676348
22.6253535930096 0.000211112658618698
22.6709582273342 0.00021627576002609
22.7165628616589 0.00022168354370441
22.7621674959836 0.000227329152423435
22.8077721303082 0.000233223701794022
22.8533767646329 0.000239372788223813
22.8989813989575 0.000245776272136837
22.9445860332822 0.000252456065743078
22.9901906676068 0.000259387927198947
23.0357953019315 0.000266515884214166
23.0813999362562 0.000273810562127996
23.1270045705808 0.000281239120788887
23.1726092049055 0.000288765869512008
23.2182138392301 0.000296353179793255
23.2638184735548 0.000303942937092955
23.3094231078795 0.000311491178006501
23.3550277422041 0.000318963036000431
23.4006323765288 0.000326326446162006
23.4462370108534 0.000333552563007136
23.4918416451781 0.000340592497665614
23.5374462795027 0.000347419222759859
23.5830509138274 0.000354042642778051
23.6286555481521 0.000360455759375201
23.6742601824767 0.000366655020635712
23.7198648168014 0.000372640001239455
23.765469451126 0.000378387582280076
23.8110740854507 0.000383905855684571
23.8566787197753 0.000389228139167181
23.9022833541 0.000394361295658424
23.9478879884247 0.000399311852474937
23.9934926227493 0.000404085759630152
24.039097257074 0.000408667347845123
24.0847018913986 0.000413061834161067
24.1303065257233 0.000417292793644517
24.1759111600479 0.000421362330193633
24.2215157943726 0.000425272883182452
24.2671204286973 0.000429027650026879
24.3127250630219 0.00043261375431041
24.3583296973466 0.000436044388113001
24.4039343316712 0.000439353348850116
24.4495389659959 0.000442560504064711
24.4951436003205 0.000445690893182494
24.5407482346452 0.000448775068022389
24.5863528689699 0.000451857073529745
24.6319575032945 0.000455007691057772
24.6775621376192 0.000458284863762922
24.7231667719438 0.00046175163701723
24.7687714062685 0.000465475848837798
24.8143760405932 0.000469529588142857
24.8599806749178 0.000474054091875712
24.9055853092425 0.0004791676792859
24.9511899435671 0.000484896964803441
24.9967945778918 0.000491318572383256
25.0423992122164 0.000498505891016236
25.0880038465411 0.00050652816259869
25.1336084808658 0.00051557164262879
25.1792131151904 0.000525713989749344
25.2248177495151 0.000536878791005997
25.2704223838397 0.000549093434408928
25.3160270181644 0.000562375414136191
25.361631652489 0.000576732107368723
25.4072362868137 0.000592290624275143
25.4528409211384 0.000609019780899755
25.498445555463 0.000626748236459707
25.5440501897877 0.000645429411403245
25.5896548241123 0.00066500850354974
25.635259458437 0.000685423022232731
25.6808640927616 0.000706684174837535
25.7264687270863 0.00072867283434414
25.772073361411 0.000751207908681203
25.8176779957356 0.000774199544216349
25.8632826300603 0.00079755559952643
25.9088872643849 0.000821182183800204
25.9544918987096 0.000844988272061004
26.0000965330342 0.000868831042423962
26.0457011673589 0.000892596658146171
26.0913058016836 0.000916192925372158
26.1369104360082 0.000939529702491096
26.1825150703329 0.000962519264340276
26.2281197046575 0.000985007936458076
26.2737243389822 0.00100687811964711
26.3193289733068 0.0010281151095894
26.3649336076315 0.00104865430423928
26.4105382419562 0.00106843737511808
26.4561428762808 0.00108741277622553
26.5017475106055 0.00110542429773499
26.5473521449301 0.00112242810508002
26.5929567792548 0.00113851873454434
26.6385614135795 0.00115369411603377
26.6841660479041 0.0011679628753332
26.7297706822288 0.00118134451944079
26.7753753165534 0.00119377187210086
26.8209799508781 0.00120531933576231
26.8665845852027 0.00121616050816524
26.9121892195274 0.00122637192315928
26.9577938538521 0.00123603824957244
27.0033984881767 0.00124525147006297
27.0490031225014 0.00125408542418958
27.094607756826 0.00126269783225357
27.1402123911507 0.00127123862953015
27.1858170254753 0.00127981414302775
27.2314216598 0.00128852807676927
27.2770262941247 0.00129748038618166
27.3226309284493 0.00130682324317531
27.368235562774 0.00131668015535864
27.4138401970986 0.0013270746683885
27.4594448314233 0.00133806352998816
27.5050494657479 0.00134969307414577
27.5506541000726 0.00136199899929929
27.5962587343973 0.00137509498723607
27.6418633687219 0.00138899047892362
27.6874680030466 0.00140358642213591
27.7330726373712 0.00141886260208175
27.7786772716959 0.00143479046345547
27.8242819060205 0.00145133369839251
27.8698865403452 0.00146851039684663
27.9154911746699 0.00148624099854
27.9610958089945 0.00150439486939755
28.0067004433192 0.00152290930497299
28.0523050776438 0.00154171976469043
28.0979097119685 0.00156076048492737
28.1435143462932 0.00157997338269501
28.1891189806178 0.00159926086228225
28.2347236149425 0.00161854173543648
28.2803282492671 0.00163775672983221
28.3259328835918 0.00165684969007249
28.3715375179164 0.00167576790646819
28.4171421522411 0.00169442673131546
28.4627467865658 0.00171276410680215
28.5083514208904 0.00173077549279589
28.5539560552151 0.00174843218325381
28.5995606895397 0.00176570999867245
28.6451653238644 0.00178258915449101
28.690769958189 0.00179900059955738
28.7363745925137 0.00181493027530184
28.7819792268384 0.00183042550983604
28.827583861163 0.00184548313462315
28.8731884954877 0.00186010086412485
28.9187931298123 0.00187427672463476
28.964397764137 0.001887951962094
29.0100023984616 0.00190111869709811
29.0556070327863 0.00191382250126756
29.101211667111 0.0019260495610115
29.1468163014356 0.00193778212770771
29.1924209357603 0.00194899836414185
29.2380255700849 0.00195959822434106
29.2836302044096 0.00196953253407465
29.3292348387342 0.00197883180025671
29.3748394730589 0.00198745677892177
29.4204441073836 0.00199536800932405
29.4660487417082 0.00200252684640751
29.5116533760329 0.00200879266078104
29.5572580103575 0.00201412376035662
29.6028626446822 0.00201860545179002
29.6484672790069 0.00202223528358759
29.6940719133315 0.00202502356870637
29.7396765476562 0.0020269946327586
29.7852811819808 0.00202810409359596
29.8308858163055 0.00202845738912412
29.8764904506301 0.0020282529967647
29.9220950849548 0.00202761236586424
29.9676997192795 0.00202667495698143
30.0133043536041 0.0020255975326738
30.0589089879288 0.00202459432348862
30.1045136222534 0.00202395900846801
30.1501182565781 0.0020238945609893
30.1957228909027 0.00202461499142988
30.2413275252274 0.00202633424641006
30.2869321595521 0.0020292634280936
30.3325367938767 0.00203381915736787
30.3781414282014 0.00204027595464056
30.423746062526 0.00204860455370387
30.4693506968507 0.00205893281809296
30.5149553311753 0.00207136363439588
30.5605599655 0.00208597360439409
30.6061645998247 0.00210309019118432
30.6517692341493 0.00212271331795434
30.697373868474 0.00214451790344077
30.7429785027986 0.00216843469303531
30.7885831371233 0.00219437446107559
30.8341877714479 0.00222223065878384
30.8797924057726 0.00225208187394518
30.9253970400973 0.00228373054932917
30.9710016744219 0.00231682546017452
31.0166063087466 0.00235124727949177
31.0622109430712 0.00238689006533306
31.1078155773959 0.00242366429198893
31.1534202117206 0.00246162760795215
31.1990248460452 0.00250073948332602
31.2446294803699 0.00254088743765974
31.2902341146945 0.00258211781809596
31.3358387490192 0.00262450207238507
31.3814433833438 0.00266813515983819
31.4270480176685 0.00271333119178116
31.4726526519932 0.0027603027604981
31.5182572863178 0.0028090294197995
31.5638619206425 0.00285965998027935
31.6094665549671 0.00291233401651064
31.6550711892918 0.00296717717376774
31.7006758236164 0.00302459107573778
31.7462804579411 0.00308465764977444
31.7918850922658 0.00314707991679707
31.8374897265904 0.00321180097435563
31.8830943609151 0.00327871664733722
31.9286989952397 0.00334767384759899
31.9743036295644 0.00341864390594572
32.019908263889 0.00349118908646086
32.0655128982137 0.00356471030221178
32.1111175325384 0.00363879047960614
32.156722166863 0.00371297495980153
32.2023268011877 0.00378677547592279
32.2479314355123 0.00385945895611245
32.293536069837 0.00393020499584791
32.3391407041616 0.00399858139836374
32.3847453384863 0.00406404121070385
32.430349972811 0.00412605269342204
32.4759546071356 0.00418410504479318
32.5215592414603 0.00423708103693215
32.5671638757849 0.00428435812464234
32.6127685101096 0.00432616936698929
32.6583731444343 0.00436224023395817
32.7039777787589 0.00439235440670092
32.7495824130836 0.00441635549603384
32.7951870474082 0.00443337523432832
32.8407916817329 0.00444343312275526
32.8863963160575 0.00444742145167516
32.9320009503822 0.00444551041501266
32.9776055847069 0.00443792023668691
33.0232102190315 0.00442491768947582
33.0688148533562 0.00440624330569044
33.1144194876808 0.00438244618436572
33.1600241220055 0.00435456310098826
33.2056287563301 0.00432301254430534
33.2512333906548 0.00428822084094103
33.2968380249795 0.00425061818280675
33.3424426593041 0.00421041499357229
33.3880472936288 0.00416823562896562
33.4336519279534 0.0041247635004104
33.4792565622781 0.00408037700084105
33.5248611966027 0.0040354382511848
33.5704658309274 0.00399029286595314
33.6160704652521 0.00394534192123562
33.6616750995767 0.0039010402511401
33.7072797339014 0.00385764821979703
33.752884368226 0.0038154395313312
33.7984890025507 0.00377468126964127
33.8440936368753 0.00373563543339138
33.8896982712 0.00369885519008007
33.9353029055247 0.00366472650171082
33.9809075398493 0.00363325566306034
34.026512174174 0.00360470084752198
34.0721168084986 0.00357931915006735
34.1177214428233 0.00355736535246545
34.1633260771479 0.00353959456660768
34.2089307114726 0.00352635886660669
34.2545353457973 0.00351740130234286
34.3001399801219 0.00351290574407012
34.3457446144466 0.00351302826474337
34.3913492487712 0.00351789342013542
34.4369538830959 0.00352819662016612
34.4825585174206 0.00354395580576588
34.5281631517452 0.00356449093991968
34.5737677860699 0.00358967039786853
34.6193724203945 0.0036193059376348
34.6649770547192 0.00365315198960219
34.7105816890438 0.00369131818149216
34.7561863233685 0.00373320406186319
34.8017909576932 0.00377784142321611
34.8473955920178 0.0038247014048811
34.8930002263425 0.00387322013998489
34.9386048606671 0.00392280432970687
34.9842094949918 0.00397277517497451
35.0298141293164 0.00402219011776182
35.0754187636411 0.00407039236153933
35.1210233979658 0.00411679520545904
35.1666280322904 0.00416084624904143
35.2122326666151 0.00420203436683243
35.2578373009397 0.00423941495117875
35.3034419352644 0.0042724583133603
35.349046569589 0.00430135922054138
35.3946512039137 0.00432596770246239
35.4402558382384 0.00434621229463423
35.485860472563 0.00436210018186457
35.5314651068877 0.00437322335173213
35.5770697412123 0.00437990069942861
35.622674375537 0.00438298598351743
35.6682790098616 0.00438285310676394
35.7138836441863 0.00437991804974472
35.759488278511 0.00437463157046593
35.8050929128356 0.00436732944904073
35.8506975471603 0.00435874702966344
35.8963021814849 0.00434958226337805
35.9419068158096 0.00434028057251683
35.9875114501342 0.00433125227070618
36.0331160844589 0.00432286618392432
36.0787207187836 0.00431560427046768
36.1243253531082 0.0043097924835834
36.1699299874329 0.00430540940480518
36.2155346217575 0.00430249017531605
36.2611392560822 0.00430100267397401
36.3067438904068 0.00430084855976854
36.3523485247315 0.00430196122739144
36.3979531590562 0.00430394539417397
36.4435577933808 0.00430631176917219
36.4891624277055 0.00430867620209629
36.5347670620301 0.00431062501249336
36.5803716963548 0.00431172092640884
36.6259763306794 0.00431125968671906
36.6715809650041 0.00430855323445545
36.7171855993288 0.00430333251304858
36.7627902336534 0.00429517846273399
36.8083948679781 0.00428369946034755
36.8539995023027 0.00426853567155708
36.8996041366274 0.00424881610129246
36.9452087709521 0.00422417039443987
36.9908134052767 0.0041949420478811
37.0364180396014 0.00416101946132449
37.082022673926 0.00412234198064553
37.1276273082507 0.00407889977979717
37.1732319425753 0.00403016645480645
37.2188365769 0.00397632799759782
37.2644412112247 0.00391817297493386
37.3100458455493 0.00385594007457422
37.355650479874 0.00378990322397294
37.4012551141986 0.00372036887991667
37.4468597485233 0.00364734857511074
37.4924643828479 0.00357140620855393
37.5380690171726 0.00349333523809226
37.5836736514973 0.00341355273002918
37.6292782858219 0.00333248455928724
37.6748829201466 0.00325056329822512
37.7204875544712 0.00316825622430122
37.7660921887959 0.00308622021472461
37.8116968231205 0.00300493191994017
37.8573014574452 0.00292481974877206
37.9029060917699 0.00284630568508038
37.9485107260945 0.00276980418294842
37.9941153604192 0.00269609570500917
38.0397199947438 0.00262575852704938
38.0853246290685 0.00255884246485844
38.1309292633932 0.00249568889260138
38.1765338977178 0.00243661821739144
38.2221385320425 0.00238192769488693
38.2677431663671 0.00233251125541272
38.3133478006918 0.00228869317996274
38.3589524350164 0.00225003841037736
38.4045570693411 0.00221665384796699
38.4501617036658 0.00218859993873125
38.4957663379904 0.00216588837080308
38.5413709723151 0.00214911711989335
38.5869756066397 0.00213808293511943
38.6325802409644 0.00213189188808746
38.678184875289 0.0021302545731511
38.7237895096137 0.00213282795485503
38.7693941439384 0.00213921727095721
38.814998778263 0.00214930256766333
38.8606034125877 0.00216230942148918
38.9062080469123 0.00217725495268279
38.951812681237 0.00219354827408634
38.9974173155616 0.00221058601791376
39.0430219498863 0.0022277583939757
39.088626584211 0.00224428664446592
39.1342312185356 0.00225929615869253
39.1798358528603 0.00227232328840985
39.2254404871849 0.00228287373938274
39.2710451215096 0.00229049838267628
39.3166497558342 0.00229479739722216
39.3622543901589 0.00229492018499288
39.4078590244836 0.00229050429785549
39.4534636588082 0.00228188138544738
39.4990682931329 0.00226898174798931
39.5446729274575 0.0022517967219087
39.5902775617822 0.00223037709617894
39.6358821961068 0.00220435256115999
39.6814868304315 0.00217401802969532
39.7270914647562 0.00214015687750756
39.7726960990808 0.00210307330585178
39.8183007334055 0.00206309942523422
39.8639053677301 0.00202059078912747
39.9095100020548 0.00197572462304932
39.9551146363794 0.00192908359784238
40.0007192707041 0.00188131800563249
40.0463239050288 0.00183280717646543
40.0919285393534 0.00178391867167017
40.1375331736781 0.0017350055603684
40.1831378080027 0.0016864984464976
40.2287424423274 0.00163884419542836
40.2743470766521 0.00159225364284976
40.3199517109767 0.00154695733825809
40.3655563453014 0.00150316064470815
40.411160979626 0.00146104390686461
40.4567656139507 0.00142101372261328
40.5023702482753 0.00138324303594293
40.5479748826 0.00134757840769598
40.5935795169247 0.00131407988973447
40.6391841512493 0.00128279034791384
40.684788785574 0.00125373658513187
40.7303934198986 0.0012272096225042
40.7759980542233 0.00120319480407982
40.8216026885479 0.00118138299631908
40.8672073228726 0.00116173696805128
40.9128119571973 0.00114421109766353
40.9584165915219 0.00112875184238129
41.0040212258466 0.00111553522514951
41.0496258601712 0.00110445189008574
41.0952304944959 0.00109516848548956
41.1408351288205 0.00108759474647279
41.1864397631452 0.00108163445437089
41.2320443974699 0.00107718559962293
41.2776490317945 0.00107429418097521
41.3232536661192 0.00107278565020141
41.3688583004438 0.00107236319372647
41.4144629347685 0.00107290005212263
41.4600675690932 0.00107426714151211
41.5056722034178 0.00107633371559532
41.5512768377425 0.00107901463253922
41.5968814720671 0.0010821148664565
41.6424861063918 0.00108544073264454
41.6880907407164 0.00108887146404789
41.7336953750411 0.00109229168016656
41.7793000093658 0.00109559209380415
41.8249046436904 0.00109862590214857
41.8705092780151 0.00110126069462131
41.9161139123397 0.00110345323086477
41.9617185466644 0.00110513985795345
42.007323180989 0.00110626601119429
42.0529278153137 0.00110678609741793
42.0985324496384 0.00110657872923282
42.144137083963 0.00110560962427067
42.1897417182877 0.00110394896020842
42.2353463526123 0.00110159164931004
42.280950986937 0.00109853754561285
42.3265556212616 0.00109479084520256
42.3721602555863 0.00109027613471434
42.417764889911 0.00108501142997299
42.4633695242356 0.00107909648548842
42.5089741585603 0.00107254613345837
42.5545787928849 0.00106537538975651
42.6001834272096 0.00105759922546725
42.6457880615342 0.00104916110598079
42.6913926958589 0.00104008185382818
42.7369973301836 0.00103044808014955
42.7826019645082 0.00102027252544836
42.8282065988329 0.00100956772723991
42.8738112331575 0.000998346127027447
42.9194158674822 0.000986559582025639
42.9650205018068 0.000974227604797874
43.0106251361315 0.000961426898278013
43.0562297704562 0.000948172148819322
43.1018344047808 0.000934478863929875
43.1474390391055 0.000920363440374981
43.1930436734301 0.000905796242564482
43.2386483077548 0.000890806168770882
43.2842529420795 0.000875464801555576
43.3298575764041 0.000859794908289732
43.3754622107288 0.00084382072787604
43.4210668450534 0.000827568060622618
43.4666714793781 0.000811038759667345
43.5122761137027 0.000794279053673368
43.5578807480274 0.000777354246786931
43.6034853823521 0.000760301290479871
43.6490900166767 0.000743159573913757
43.6946946510014 0.000725970967847164
43.740299285326 0.000708788686876642
43.7859039196507 0.000691685687022265
43.8315085539753 0.000674713680365388
43.8771131883 0.000657926677000341
